19 141
19 140
19 139
19 138
19 137
19 136
19 135
19 134
19 133
19 132
19 131
19 130
19 129
19 128
19 127
19 126
19 125
19 124
19 123
19 122
19 121
19 120
19 119
19 118
19 117
19 116
19 115
19 114
19 113
19 112
19 111
19 110
19 109
19 108
19 107
19 106
19 105
19 104
19 103
19 102
19 101
19 100
19 99
19 98
19 97
19 96
19 95
19 94
19 93
19 92
19 91
19 90
19 89
19 88
19 87
19 86
19 85
19 84
19 83
19 82
19 81
19 80
19 79
19 78
19 77
19 76
19 75
19 74
19 73
19 72
19 71
19 70
19 69
19 68
19 67
19 66
19 65
19 64
19 63
19 62
19 61
19 60
19 59
19 58
19 57
19 56
19 55
19 54
19 53
19 52
19 51
19 50
19 49
19 48
19 47
19 46
19 45
19 44
19 43
19 42
19 41
19 40
19 39
19 38
19 37
19 36
19 35
19 34
19 33
19 32
19 31
19 30
19 29
19 28
19 27
19 26
19 25
19 24
19 23
19 22
19 21
19 20
19 19
19 18
19 17
19 16
19 15
19 14
19 13
19 12
19 11
19 10
19 9
19 8
19 7
19 6
19 5
19 4
19 3
19 2
19 1